0 0.1484375 0.70234375 0.11015625 0.23359375
0 0.11171875 0.47578125 0.1171875 0.17109375
0 0.05078125 0.41953125 0.09375 0.14609375
0 0.06953125 0.33984375 0.06171875 0.12265625
0 0.3796875 0.209375 0.0671875 0.1875
0 0.56171875 0.309375 0.06953125 0.1875
0 0.6546875 0.45625 0.08359375 0.17890625
0 0.64453125 0.3546875 0.09453125 0.1125
0 0.828125 0.6171875 0.115625 0.19765625
0 0.70390625 0.54453125 0.07890625 0.2421875
0 0.47578125 0.30859375 0.078125 0.18515625
0 0.41171875 0.23828125 0.04765625 0.140625
