0 0.828125 0.59296875 0.1125 0.18515625
0 0.65234375 0.46171875 0.07109375 0.15
0 0.634375 0.3703125 0.09140625 0.128125
0 0.365625 0.221875 0.06015625 0.17265625
0 0.48515625 0.2796875 0.04921875 0.11484375
0 0.57421875 0.30078125 0.0640625 0.15625
0 0.0578125 0.3453125 0.1140625 0.1109375
0 0.13671875 0.68828125 0.12578125 0.146875
0 0.09296875 0.5390625 0.084375 0.15234375
0 0.69765625 0.5578125 0.10703125 0.23515625
0 0.06328125 0.4234375 0.059375 0.13828125
0 0.40546875 0.2171875 0.0640625 0.1546875
0 0.0796875 0.778125 0.10390625 0.2375
0 0.3109375 0.63046875 0.02421875 0.0015625
