0 0.5015625 0.8109375 0.078125 0.153125
0 0.53359375 0.73359375 0.0890625 0.1484375
0 0.571875 0.61640625 0.0859375 0.13203125
0 0.5390625 0.5296875 0.0671875 0.1453125
0 0.290625 0.63125 0.0609375 0.11484375
0 0.32109375 0.5140625 0.078125 0.14296875
0 0.36171875 0.46484375 0.06328125 0.1125
0 0.4203125 0.44296875 0.0734375 0.15390625
0 0.48828125 0.47890625 0.06171875 0.146875
0 0.36640625 0.815625 0.090625 0.15859375
0 0.3109375 0.7171875 0.0625 0.1296875
0 0.34140625 0.25 0.06796875 0.103125
