0 0.4796875 0.70703125 0.1046875 0.0953125
0 0.259375 0.48359375 0.059375 0.07109375
0 0.21484375 0.47890625 0.03203125 0.1015625
0 0.3796875 0.3203125 0.0265625 0.1046875
0 0.403125 0.32265625 0.02734375 0.11328125
0 0.34609375 0.28515625 0.02734375 0.090625
0 0.359375 0.29375 0.021875 0.09140625
0 0.18203125 0.3515625 0.03828125 0.10625
0 0.2046875 0.3390625 0.03125 0.1
0 0.2265625 0.325 0.03046875 0.1046875
0 0.25 0.31875 0.03671875 0.1
0 0.26640625 0.3078125 0.0328125 0.09609375
0 0.29140625 0.303125 0.03203125 0.1
0 0.33359375 0.25078125 0.03359375 0.05546875
0 0.1203125 0.4796875 0.0328125 0.053125
0 0.1109375 0.45625 0.034375 0.04140625
0 0.10390625 0.43671875 0.028125 0.034375
0 0.1015625 0.40859375 0.02890625 0.03203125
0 0.15390625 0.52734375 0.06796875 0.08046875
