0 0.6546875 0.17265625 0.159375 0.09453125
0 0.82578125 0.39296875 0.225 0.1375
0 0.8625 0.33359375 0.18671875 0.12109375
0 0.7046875 0.48515625 0.259375 0.17890625
0 0.63828125 0.575 0.240625 0.18359375
0 0.62734375 0.7828125 0.26015625 0.15859375
0 0.12421875 0.73359375 0.1578125 0.2234375
0 0.32734375 0.4828125 0.159375 0.20546875
0 0.48671875 0.25703125 0.134375 0.14609375
0 0.3625 0.23515625 0.1390625 0.1109375
0 0.23984375 0.36796875 0.15859375 0.13125
0 0.846875 0.26484375 0.2265625 0.07734375
