0 0.3609375 0.10703125 0.05390625 0.11171875
0 0.2703125 0.13515625 0.040625 0.10078125
0 0.39609375 0.1390625 0.04140625 0.1546875
0 0.4875 0.140625 0.03828125 0.1578125
0 0.40078125 0.3015625 0.0484375 0.23203125
0 0.5328125 0.5296875 0.07109375 0.2015625
0 0.45703125 0.42578125 0.0609375 0.16953125
0 0.4671875 0.60625 0.07890625 0.21796875
0 0.3203125 0.6453125 0.078125 0.23359375
0 0.234375 0.63515625 0.08046875 0.240625
0 0.30546875 0.33046875 0.04765625 0.146875
0 0.15546875 0.40625 0.071875 0.12734375
