0 0.690625 0.5875 0.096875 0.2484375
0 0.571875 0.4484375 0.05859375 0.25078125
0 0.51015625 0.603125 0.0765625 0.23828125
0 0.45234375 0.55859375 0.10546875 0.16328125
0 0.37890625 0.61796875 0.0609375 0.18828125
0 0.32890625 0.69765625 0.090625 0.315625
0 0.48515625 0.21015625 0.0546875 0.17734375
0 0.5203125 0.1921875 0.0375 0.16171875
0 0.3984375 0.140625 0.0296875 0.1765625
0 0.146875 0.29140625 0.05546875 0.1265625
0 0.25078125 0.315625 0.053125 0.128125
0 0.19921875 0.3515625 0.05625 0.128125
