0 0.27890625 0.61484375 0.08359375 0.275
0 0.3875 0.56171875 0.0671875 0.25859375
0 0.50390625 0.63984375 0.0609375 0.271875
0 0.46015625 0.54375 0.07265625 0.203125
0 0.3578125 0.19375 0.0453125 0.16875
0 0.4515625 0.20546875 0.04375 0.2
0 0.55625 0.1671875 0.059375 0.14453125
0 0.4015625 0.1546875 0.05859375 0.18125
0 0.24140625 0.43046875 0.0703125 0.17265625
0 0.1921875 0.35234375 0.0671875 0.15625
0 0.1515625 0.28671875 0.075 0.1578125
0 0.24375 0.31484375 0.04296875 0.1140625
0 0.23046875 0.22265625 0.053125 0.09453125
