0 0.51640625 0.91484375 0.1421875 0.1703125
0 0.69765625 0.9359375 0.08515625 0.128125
0 0.7359375 0.89765625 0.1140625 0.16171875
0 0.7515625 0.75234375 0.08515625 0.19375
0 0.68515625 0.67890625 0.103125 0.17578125
0 0.64375 0.553125 0.08125 0.18046875
0 0.57421875 0.52578125 0.09296875 0.10625
0 0.55625 0.43203125 0.07109375 0.12109375
0 0.49453125 0.36484375 0.06640625 0.12890625
0 0.25 0.28984375 0.06875 0.11875
0 0.31796875 0.24921875 0.06796875 0.078125
0 0.290625 0.378125 0.07421875 0.1453125
0 0.34921875 0.48671875 0.065625 0.1546875
0 0.32734375 0.42578125 0.05390625 0.11484375
0 0.38125 0.54921875 0.06875 0.15
0 0.415625 0.6140625 0.0875 0.1328125
