0 0.828125 0.59296875 0.1125 0.18515625
0 0.65234375 0.46171875 0.07109375 0.15
0 0.634375 0.3703125 0.09140625 0.128125
0 0.365625 0.221875 0.06015625 0.17265625
0 0.41875 0.24609375 0.0515625 0.121875
0 0.45625 0.2671875 0.04921875 0.11484375
0 0.57421875 0.30078125 0.0640625 0.15625
0 0.078125 0.3625 0.05859375 0.159375
0 0.13671875 0.68828125 0.12578125 0.146875
0 0.09296875 0.5390625 0.084375 0.15234375
0 0.69765625 0.5578125 0.10703125 0.23515625
0 0.06328125 0.4234375 0.059375 0.13828125
