0 0.54765625 0.65625 0.09296875 0.24140625
0 0.18828125 0.5484375 0.08671875 0.31953125
0 0.31875 0.62734375 0.08515625 0.290625
0 0.4390625 0.5453125 0.1015625 0.1828125
0 0.3 0.3640625 0.0546875 0.2203125
0 0.4625 0.4359375 0.07265625 0.18203125
0 0.35390625 0.29765625 0.06796875 0.23671875
0 0.4234375 0.30234375 0.0703125 0.23984375
0 0.4 0.14765625 0.04375 0.1671875
0 0.26640625 0.29375 0.0453125 0.16796875
0 0.2796875 0.1890625 0.046875 0.08671875
0 0.2671875 0.12890625 0.0421875 0.08515625
0 0.14453125 0.36640625 0.0390625 0.1578125
0 0.43671875 0.0765625 0.04140625 0.14921875
