0 0.1484375 0.70234375 0.11015625 0.23359375
0 0.0828125 0.53671875 0.1171875 0.17109375
0 0.05078125 0.41953125 0.09375 0.14609375
0 0.040625 0.346875 0.08125 0.10625
0 0.3796875 0.209375 0.0671875 0.1875
0 0.4265625 0.215625 0.0609375 0.1625
0 0.46953125 0.3078125 0.0671875 0.190625
0 0.56171875 0.309375 0.06953125 0.1875
0 0.6546875 0.45625 0.08359375 0.17890625
0 0.64453125 0.3546875 0.09453125 0.1125
0 0.70078125 0.54296875 0.103125 0.190625
0 0.828125 0.559375 0.115625 0.19765625
