1 0.092969 0.533594 0.109375 0.210938
1 0.036719 0.301563 0.073438 0.115625
1 0.443750 0.355469 0.104688 0.160938
1 0.129688 0.410156 0.085156 0.240625
1 0.322656 0.256250 0.073438 0.116406
1 0.236719 0.221094 0.060156 0.134375
0 0.542188 0.610156 0.203906 0.376563
1 0.433594 0.689844 0.114062 0.319531
0 0.170313 0.239844 0.110156 0.161719
1 0.548438 0.440625 0.374494 0.443694
1 0.714844 0.809375 0.196622 0.362701
1 0.517969 0.151562 0.443323 0.516225
1 0.352344 0.667188 0.259896 0.419057
