1 0.942187 0.507031 0.079687 0.282813
1 0.527344 0.562500 0.103906 0.246094
1 0.212500 0.627344 0.089844 0.248438
1 0.435937 0.457813 0.106250 0.242188
1 0.572656 0.331250 0.076563 0.214844
1 0.525000 0.291406 0.055469 0.224219
1 0.620313 0.195312 0.128906 0.134375
1 0.469531 0.228906 0.082812 0.100781
1 0.283594 0.196094 0.064062 0.193750
1 0.360156 0.163281 0.059375 0.178125
1 0.355469 0.048438 0.060937 0.068750
0 0.207031 0.247656 0.110156 0.305469
1 0.515625 0.572656 0.187619 0.394001
1 0.720313 0.640625 0.160971 0.368891
