1 0.061719 0.500781 0.103125 0.255469
1 0.426563 0.612500 0.176563 0.248438
1 0.753125 0.610156 0.153906 0.275000
1 0.635156 0.459375 0.130469 0.204687
1 0.301563 0.476562 0.101562 0.332813
1 0.312500 0.481250 0.110156 0.298438
1 0.362500 0.273438 0.097656 0.219531
1 0.473438 0.416406 0.107813 0.261719
1 0.519531 0.208594 0.074219 0.127344
1 0.622656 0.209375 0.067969 0.142187
1 0.850781 0.417969 0.111719 0.258594
0 0.173437 0.247656 0.132812 0.311719
0 0.340625 0.089844 0.116406 0.177344
1 0.176563 0.667969 0.125197 0.354724
1 0.582812 0.790625 0.138383 0.287692
1 0.196875 0.450000 0.393854 0.456042
