0 0.578906 0.549219 0.089844 0.233594
0 0.170313 0.446875 0.105469 0.181250
0 0.482812 0.071875 0.050000 0.092188
0 0.527344 0.080469 0.053125 0.139063
1 0.499219 0.383594 0.110156 0.146094
1 0.328125 0.274219 0.095312 0.146875
1 0.524219 0.646875 0.150000 0.181250
1 0.413281 0.813281 0.178906 0.184375
1 0.305469 0.644531 0.208594 0.163281
1 0.252344 0.535156 0.163281 0.107813
1 0.197656 0.382812 0.126562 0.081250
1 0.191406 0.300781 0.128906 0.100781
1 0.424219 0.260156 0.081884 0.203907
1 0.903125 0.035937 0.037099 0.096120
1 0.783594 0.353906 0.168922 0.235748
