1 0.857812 0.246094 0.105469 0.212500
1 0.796094 0.656250 0.111719 0.355469
1 0.519531 0.209375 0.095312 0.125000
1 0.299219 0.346875 0.085156 0.146094
1 0.240625 0.289844 0.092969 0.207813
1 0.431250 0.219531 0.090625 0.128125
1 0.405469 0.496094 0.096094 0.219531
1 0.471094 0.394531 0.092188 0.176563
1 0.233594 0.499219 0.098437 0.221875
0 0.204687 0.403906 0.133594 0.285156
1 0.916406 0.320312 0.371820 0.573341
1 0.583594 0.425781 0.177454 0.563223
1 0.118750 0.817969 0.205352 0.343964
