1 0.653906 0.522656 0.100781 0.132031
1 0.440625 0.405469 0.087500 0.107813
1 0.300000 0.145313 0.025781 0.138281
0 0.332031 0.528125 0.167969 0.469531
1 0.633594 0.451562 0.048438 0.128125
1 0.582812 0.437500 0.056250 0.134375
1 0.546094 0.394531 0.062500 0.130469
0 0.538281 0.085156 0.040625 0.100781
0 0.542969 0.238281 0.078906 0.305469
1 0.567969 0.121094 0.035156 0.077344
1 0.753125 0.652344 0.089063 0.150000
1 0.764062 0.770312 0.083594 0.099219
1 0.187500 0.617188 0.080469 0.323437
1 0.979688 0.149219 0.091337 0.179069
1 0.796094 0.259375 0.161369 0.449027
