1 0.707031 0.587500 0.086719 0.149219
1 0.660937 0.517969 0.062500 0.121875
1 0.628906 0.467969 0.089063 0.128125
1 0.463281 0.421875 0.095312 0.124219
1 0.453125 0.282813 0.059375 0.112500
1 0.346094 0.169531 0.028906 0.128125
1 0.292969 0.167187 0.032813 0.146875
0 0.614062 0.103125 0.051562 0.167187
0 0.466406 0.125000 0.053125 0.223438
1 0.497656 0.248438 0.052344 0.196875
1 0.572656 0.116406 0.033594 0.074219
1 0.379688 0.145313 0.030469 0.132812
1 0.093750 0.197656 0.113111 0.192289
1 0.739844 0.691406 0.064349 0.143759
1 0.880469 0.117188 0.038431 0.097357
