1 0.444531 0.418750 0.057813 0.122656
1 0.627344 0.467187 0.083594 0.173437
1 0.456250 0.277344 0.071094 0.117188
1 0.322656 0.159375 0.024219 0.168750
1 0.314844 0.172656 0.021094 0.144531
1 0.372656 0.215625 0.027344 0.157812
1 0.385937 0.144531 0.030469 0.144531
0 0.603906 0.104688 0.071875 0.179688
1 0.212500 0.602344 0.078125 0.162500
1 0.399219 0.132812 0.021094 0.139844
0 0.528906 0.194531 0.069531 0.289062
1 0.568750 0.117969 0.030469 0.080469
1 0.601562 0.967969 0.059392 0.112079
1 0.678906 0.616406 0.157801 0.246913
