0 0.750000 0.523438 0.135156 0.407031
0 0.254688 0.397656 0.107813 0.399219
0 0.312500 0.278125 0.097656 0.392188
1 0.396094 0.379688 0.058594 0.239063
0 0.451562 0.292187 0.114062 0.301563
0 0.550781 0.153906 0.086719 0.307812
1 0.639844 0.470313 0.083594 0.270313
1 0.703125 0.875781 0.153906 0.218750
1 0.372656 0.832031 0.080469 0.268750
1 0.269531 0.686719 0.124219 0.259375
1 0.372656 0.603906 0.117969 0.200000
1 0.151562 0.434375 0.064062 0.147656
1 0.146094 0.273438 0.046094 0.107031
1 0.491406 0.257812 0.059375 0.194531
1 0.405469 0.107813 0.060937 0.100781
1 0.467969 0.079687 0.057813 0.110937
1 0.403125 0.053125 0.043483 0.191323
1 0.550000 0.603125 0.082208 0.136292
