1 0.628906 0.449219 0.085938 0.163281
1 0.283594 0.558594 0.067969 0.235156
1 0.589063 0.438281 0.076563 0.187500
1 0.292187 0.167187 0.032031 0.139844
1 0.318750 0.170313 0.035937 0.155469
1 0.332813 0.148438 0.028906 0.142187
1 0.379688 0.147656 0.028906 0.147656
1 0.400781 0.141406 0.025000 0.146094
1 0.413281 0.142969 0.035937 0.145313
0 0.557031 0.078125 0.047656 0.140625
0 0.296875 0.121875 0.052344 0.222656
0 0.482812 0.107813 0.077344 0.193750
1 0.904687 0.954688 0.090837 0.191494
1 0.155469 0.875000 0.070036 0.134787
1 0.546875 0.391406 0.062846 0.277568
