0 0.216406 0.248438 0.121094 0.215625
1 0.245312 0.254688 0.039844 0.119531
1 0.352344 0.292187 0.053125 0.282031
1 0.617969 0.658594 0.058594 0.249219
1 0.456250 0.479687 0.129688 0.200781
1 0.649219 0.660156 0.076563 0.213281
1 0.564063 0.850000 0.131250 0.242188
1 0.642969 0.563281 0.049219 0.155469
1 0.507812 0.625781 0.096875 0.172656
1 0.456250 0.677344 0.076563 0.134375
1 0.560156 0.640625 0.050000 0.183594
1 0.549219 0.363281 0.056250 0.282031
0 0.206250 0.157812 0.075781 0.315625
1 0.183594 0.766406 0.213239 0.379341
1 0.878906 0.360938 0.101389 0.226836
1 0.346094 0.175000 0.052267 0.160002
