0 0.625781 0.681250 0.206250 0.332813
1 0.396875 0.863281 0.151562 0.220312
1 0.269531 0.885938 0.115625 0.188281
1 0.319531 0.676562 0.112500 0.175781
0 0.723437 0.171094 0.104688 0.330469
1 0.557031 0.219531 0.077344 0.150781
1 0.519531 0.429688 0.083594 0.142187
1 0.240625 0.407031 0.096094 0.225781
1 0.360938 0.345313 0.078125 0.252344
0 0.116406 0.410938 0.144531 0.460938
1 0.731250 0.360938 0.152063 0.229949
1 0.396094 0.921875 0.118517 0.269855
1 0.110156 0.078125 0.135572 0.189537
