0 0.216406 0.248438 0.121094 0.215625
1 0.245312 0.254688 0.039844 0.119531
1 0.470313 0.324219 0.073438 0.160156
1 0.606250 0.484375 0.058594 0.249219
1 0.644531 0.503906 0.055469 0.203125
1 0.649219 0.660156 0.076563 0.213281
1 0.564063 0.850000 0.131250 0.242188
1 0.594531 0.696875 0.059375 0.233594
1 0.507812 0.625781 0.096875 0.172656
1 0.456250 0.677344 0.076563 0.134375
1 0.560156 0.640625 0.050000 0.183594
1 0.410156 0.234375 0.052344 0.229687
1 0.429688 0.185156 0.234261 0.362655
1 0.861719 0.853125 0.083636 0.338434
1 0.257812 0.811719 0.208082 0.320513
