1 0.653906 0.522656 0.100781 0.132031
1 0.440625 0.405469 0.087500 0.107813
0 0.254688 0.306250 0.085938 0.387500
1 0.633594 0.451562 0.048438 0.128125
1 0.582812 0.437500 0.056250 0.134375
1 0.546094 0.394531 0.062500 0.130469
0 0.538281 0.085156 0.040625 0.100781
0 0.542969 0.238281 0.078906 0.305469
1 0.753125 0.652344 0.089063 0.150000
1 0.764062 0.770312 0.083594 0.099219
1 0.214844 0.550781 0.078125 0.238281
1 0.328906 0.135156 0.035937 0.148438
1 0.096094 0.828125 0.071484 0.140835
1 0.577344 0.768750 0.268453 0.353348
