1 0.653906 0.522656 0.100781 0.132031
1 0.440625 0.405469 0.087500 0.107813
1 0.300000 0.145313 0.025781 0.138281
0 0.354687 0.467969 0.082031 0.463281
1 0.633594 0.451562 0.048438 0.128125
1 0.582812 0.437500 0.056250 0.134375
1 0.546094 0.394531 0.062500 0.130469
0 0.538281 0.085156 0.040625 0.100781
0 0.542969 0.238281 0.078906 0.305469
1 0.753125 0.652344 0.089063 0.150000
1 0.764062 0.770312 0.083594 0.099219
1 0.232813 0.625781 0.110937 0.277344
1 0.560937 0.796875 0.257178 0.342904
1 0.260937 0.825000 0.244149 0.359043
