1 0.700000 0.597656 0.100781 0.133594
1 0.660937 0.517969 0.062500 0.121875
1 0.628906 0.467969 0.089063 0.128125
1 0.463281 0.421875 0.095312 0.124219
1 0.294531 0.171875 0.028906 0.128125
0 0.564844 0.227344 0.058594 0.314844
1 0.586719 0.385156 0.071094 0.230469
1 0.310156 0.138281 0.025781 0.126562
0 0.478906 0.171094 0.065625 0.303906
1 0.329688 0.687500 0.094531 0.244531
1 0.512500 0.216406 0.043750 0.166406
1 0.691406 0.097656 0.105897 0.248250
1 0.207031 0.089844 0.116441 0.383196
1 0.743750 0.746094 0.138461 0.220153
