1 0.607031 0.685156 0.119531 0.185938
1 0.432812 0.259375 0.107031 0.207813
1 0.146875 0.739844 0.105469 0.161719
1 0.218750 0.853125 0.130469 0.270313
1 0.246875 0.170313 0.092969 0.203906
1 0.794531 0.635938 0.107031 0.276562
1 0.193750 0.408594 0.094531 0.133594
0 0.481250 0.467187 0.201563 0.387500
0 0.058594 0.258594 0.099219 0.225781
1 0.022656 0.149219 0.045312 0.070312
1 0.785156 0.234375 0.194635 0.451744
1 0.439063 0.360156 0.470942 0.659938
1 0.469531 0.860938 0.090262 0.180523
