1 0.535937 0.225000 0.047656 0.179688
1 0.627344 0.467187 0.083594 0.173437
1 0.345313 0.175000 0.028125 0.140625
1 0.428125 0.153906 0.027344 0.160938
1 0.322656 0.159375 0.024219 0.168750
0 0.292969 0.114062 0.037500 0.211719
1 0.314844 0.172656 0.021094 0.144531
1 0.385937 0.144531 0.030469 0.144531
0 0.603906 0.104688 0.071875 0.179688
1 0.235937 0.588281 0.078125 0.162500
1 0.394531 0.135156 0.021094 0.139844
1 0.611719 0.537500 0.050383 0.106262
1 0.410938 0.944531 0.128669 0.227779
1 0.185938 0.437500 0.033966 0.156768
