1 0.285156 0.361719 0.110156 0.129688
1 0.676562 0.442188 0.082031 0.223438
0 0.689063 0.153906 0.114062 0.307812
1 0.667969 0.165625 0.139844 0.104688
1 0.763281 0.263281 0.074219 0.242969
1 0.871094 0.260156 0.146094 0.124219
1 0.728906 0.762500 0.167969 0.191406
1 0.788281 0.585938 0.170313 0.193750
1 0.605469 0.901563 0.310937 0.196875
1 0.420312 0.200000 0.139063 0.099219
1 0.577344 0.965625 0.029728 0.089987
1 0.987500 0.462500 0.041189 0.141586
1 0.894531 0.931250 0.096220 0.262417
