1 0.857812 0.246094 0.105469 0.212500
1 0.742969 0.402344 0.105469 0.224219
1 0.519531 0.209375 0.095312 0.125000
1 0.299219 0.346875 0.085156 0.146094
1 0.363281 0.276562 0.097656 0.155469
1 0.431250 0.219531 0.090625 0.128125
1 0.401562 0.500000 0.096094 0.219531
1 0.471094 0.394531 0.092188 0.176563
1 0.257031 0.496875 0.098437 0.221875
0 0.204687 0.403906 0.133594 0.285156
1 0.105469 0.770312 0.202756 0.378174
1 0.879687 0.807813 0.137265 0.343162
1 0.623437 0.329688 0.092065 0.143712
