1 0.532031 0.672656 0.131250 0.221875
0 0.584375 0.567187 0.088281 0.218750
0 0.517188 0.081250 0.054688 0.139844
0 0.167187 0.440625 0.091406 0.168750
1 0.493750 0.387500 0.126562 0.167969
1 0.403125 0.218750 0.118750 0.110156
1 0.328906 0.274219 0.097656 0.132031
1 0.401562 0.812500 0.183594 0.214844
1 0.310156 0.667969 0.225000 0.188281
1 0.246875 0.539062 0.179688 0.175000
1 0.192969 0.388281 0.152344 0.089844
1 0.192188 0.286719 0.162500 0.076563
1 0.616406 0.513281 0.040795 0.099818
1 0.957031 0.737500 0.086522 0.188775
1 0.186719 0.858594 0.098876 0.229593
