0 0.482031 0.474219 0.176563 0.382031
1 0.613281 0.672656 0.101562 0.198437
1 0.297656 0.610938 0.089063 0.217188
1 0.157812 0.750781 0.112500 0.165625
1 0.468750 0.261719 0.059375 0.220312
1 0.212500 0.853125 0.136719 0.174219
1 0.194531 0.390625 0.072656 0.120313
1 0.103906 0.215625 0.058594 0.213281
0 0.140625 0.582812 0.206250 0.293750
1 0.279687 0.226562 0.057813 0.238281
1 0.160156 0.219531 0.050000 0.201563
1 0.517969 0.350000 0.050301 0.106089
1 0.284375 0.801562 0.046368 0.111284
