1 0.700000 0.597656 0.100781 0.133594
1 0.660937 0.517969 0.062500 0.121875
1 0.628906 0.467969 0.089063 0.128125
1 0.463281 0.421875 0.095312 0.124219
1 0.294531 0.171875 0.028906 0.128125
0 0.555469 0.227344 0.078125 0.314844
1 0.586719 0.385156 0.071094 0.230469
1 0.310156 0.138281 0.025781 0.126562
0 0.471094 0.147656 0.063281 0.267188
1 0.313281 0.741406 0.094531 0.244531
1 0.502344 0.179688 0.032031 0.110937
1 0.351562 0.835156 0.085400 0.265096
1 0.642969 0.622656 0.144492 0.252495
