1 0.467969 0.673438 0.076563 0.156250
1 0.550000 0.438281 0.085156 0.293750
1 0.310937 0.215625 0.047656 0.233594
1 0.616406 0.424219 0.077344 0.310937
1 0.413281 0.332031 0.092969 0.197656
1 0.568750 0.641406 0.057813 0.200781
1 0.553125 0.803125 0.084375 0.200000
0 0.249219 0.166406 0.079687 0.332813
1 0.520312 0.664844 0.056250 0.170313
1 0.429688 0.149219 0.025781 0.184375
1 0.411719 0.102344 0.024219 0.176563
1 0.350781 0.227344 0.181540 0.509805
1 0.603125 0.282813 0.143073 0.197062
1 0.452344 0.220312 0.189852 0.321287
