0 0.100781 0.309375 0.139063 0.496875
1 0.136719 0.615625 0.103906 0.239844
1 0.058594 0.508594 0.117188 0.171094
1 0.050781 0.419531 0.093750 0.146094
1 0.379688 0.209375 0.067187 0.187500
1 0.561719 0.309375 0.069531 0.187500
1 0.654687 0.456250 0.083594 0.178906
1 0.644531 0.354687 0.094531 0.112500
0 0.438281 0.152344 0.090625 0.141406
1 0.828125 0.582031 0.115625 0.197656
1 0.703906 0.544531 0.078906 0.242188
1 0.475781 0.308594 0.078125 0.185156
1 0.411719 0.238281 0.047656 0.140625
1 0.135937 0.824219 0.150781 0.246875
1 0.103125 0.810156 0.077910 0.152481
1 0.745313 0.279687 0.159929 0.266548
1 0.537500 0.311719 0.099536 0.254173
