0 0.480469 0.464844 0.171094 0.369531
1 0.577344 0.382812 0.117188 0.202344
1 0.610156 0.700781 0.091406 0.179688
1 0.520312 0.795312 0.154688 0.194531
1 0.180469 0.742188 0.166406 0.139844
1 0.336719 0.617188 0.096875 0.218750
1 0.267188 0.489844 0.091406 0.168750
1 0.189844 0.397656 0.086719 0.178906
0 0.106250 0.586719 0.172656 0.203906
1 0.062500 0.421094 0.082812 0.116406
1 0.074219 0.203125 0.099219 0.197656
1 0.237500 0.171875 0.179833 0.286098
1 0.050781 0.527344 0.100864 0.149556
1 0.645312 0.927344 0.125804 0.232388
