1 0.653906 0.522656 0.100781 0.132031
1 0.440625 0.405469 0.087500 0.107813
1 0.300000 0.145313 0.025781 0.138281
1 0.283594 0.156250 0.034375 0.133594
0 0.257812 0.357812 0.102344 0.346094
1 0.633594 0.451562 0.048438 0.128125
1 0.582812 0.437500 0.056250 0.134375
0 0.545312 0.095312 0.062500 0.119531
1 0.521875 0.353906 0.062500 0.130469
1 0.570312 0.128906 0.037500 0.092969
1 0.210156 0.426563 0.047462 0.075939
1 0.309375 0.135937 0.046550 0.103842
1 0.285938 0.360938 0.044854 0.100921
