1 0.770312 0.395313 0.072656 0.263281
1 0.506250 0.196875 0.025781 0.185938
1 0.523438 0.202344 0.028906 0.198437
1 0.545312 0.225000 0.022656 0.185938
1 0.563281 0.232031 0.029687 0.250000
1 0.588281 0.264062 0.039844 0.235937
1 0.656250 0.317188 0.048438 0.225781
1 0.611719 0.217969 0.032031 0.206250
1 0.546094 0.122656 0.038281 0.044531
0 0.647656 0.142969 0.057031 0.174219
1 0.370312 0.863281 0.116555 0.335597
1 0.342187 0.670312 0.100057 0.178151
1 0.578906 0.361719 0.085940 0.222148
