0 0.597656 0.243750 0.091406 0.316406
1 0.615625 0.528906 0.078906 0.258594
1 0.653906 0.522656 0.100781 0.132031
1 0.440625 0.405469 0.087500 0.107813
1 0.300000 0.145313 0.025781 0.138281
1 0.283594 0.156250 0.034375 0.133594
0 0.189062 0.327344 0.102344 0.346094
1 0.633594 0.451562 0.048438 0.128125
1 0.707031 0.618750 0.073438 0.168750
1 0.785156 0.721094 0.082812 0.114062
1 0.582812 0.437500 0.056250 0.134375
0 0.546094 0.107031 0.064062 0.096094
1 0.869531 0.417969 0.245018 0.336679
1 0.771094 0.635938 0.278357 0.508996
