1 0.504687 0.885156 0.085156 0.200781
1 0.527344 0.448437 0.067969 0.121094
1 0.651563 0.511719 0.096094 0.175781
1 0.618750 0.427344 0.065625 0.143750
1 0.493750 0.460156 0.079687 0.133594
1 0.426563 0.560156 0.085156 0.118750
1 0.600000 0.900000 0.097656 0.142969
1 0.385937 0.691406 0.107031 0.143750
0 0.465625 0.130469 0.093750 0.260937
0 0.424219 0.835156 0.167969 0.231250
1 0.700781 0.536719 0.096875 0.213281
1 0.746875 0.632031 0.082812 0.216406
1 0.536719 0.589844 0.055824 0.110702
1 0.342187 0.776563 0.056234 0.163078
