0 0.834375 0.412500 0.111719 0.496094
0 0.417187 0.101562 0.093750 0.203125
1 0.450781 0.164844 0.071875 0.128125
1 0.422656 0.224219 0.042188 0.219531
1 0.157031 0.457031 0.109375 0.200000
1 0.676562 0.338281 0.080469 0.107813
1 0.698438 0.427344 0.067969 0.222656
1 0.720313 0.545312 0.057031 0.292187
1 0.767969 0.567969 0.058594 0.267969
1 0.761719 0.405469 0.052344 0.124219
1 0.882812 0.242188 0.119910 0.250722
1 0.918750 0.928906 0.102046 0.187913
1 0.769531 0.061719 0.155834 0.220317
