0 0.570312 0.542188 0.101562 0.239063
0 0.171094 0.440625 0.112500 0.182812
0 0.600000 0.135156 0.057813 0.157812
1 0.417969 0.103906 0.089063 0.096094
1 0.390625 0.212500 0.116406 0.108594
1 0.502344 0.387500 0.100781 0.159375
1 0.527344 0.639062 0.126562 0.200781
1 0.403906 0.790625 0.144531 0.157031
1 0.301563 0.646094 0.195312 0.159375
1 0.251563 0.535156 0.158594 0.146094
1 0.328906 0.271094 0.074219 0.166406
1 0.197656 0.372656 0.150781 0.081250
1 0.184375 0.296094 0.132031 0.088281
1 0.034375 0.716406 0.073021 0.116051
1 0.664844 0.611719 0.060517 0.112389
1 0.085938 0.798438 0.075497 0.137513
