0 0.625781 0.681250 0.206250 0.332813
1 0.396875 0.863281 0.151562 0.220312
1 0.269531 0.885938 0.115625 0.188281
1 0.319531 0.676562 0.112500 0.175781
0 0.650000 0.164844 0.103125 0.329688
1 0.557031 0.219531 0.077344 0.150781
1 0.537500 0.491406 0.102344 0.210938
1 0.212500 0.602344 0.110156 0.236719
1 0.360938 0.345313 0.078125 0.252344
0 0.095312 0.383594 0.144531 0.460938
1 0.839844 0.607812 0.238220 0.382096
1 0.384375 0.657813 0.111271 0.187137
1 0.843750 0.225000 0.150634 0.309197
