0 0.487500 0.071875 0.053906 0.103906
0 0.524219 0.064844 0.064062 0.116406
0 0.571094 0.546875 0.103125 0.234375
0 0.167969 0.438281 0.092969 0.192969
1 0.330469 0.278125 0.074219 0.140625
1 0.507031 0.387500 0.105469 0.153906
1 0.527344 0.650781 0.146094 0.182812
1 0.401562 0.802344 0.157812 0.175000
1 0.310937 0.652344 0.184375 0.171094
1 0.246875 0.535937 0.139063 0.167969
1 0.203906 0.281250 0.123438 0.079687
1 0.192188 0.382031 0.140625 0.101562
1 0.432812 0.581250 0.169421 0.242581
1 0.402344 0.880469 0.068419 0.116015
1 0.895312 0.096875 0.145875 0.204920
