0 0.724219 0.578125 0.180469 0.471875
0 0.764062 0.317969 0.130469 0.429688
1 0.450781 0.164844 0.071875 0.128125
1 0.307812 0.230469 0.042969 0.197656
1 0.264062 0.224219 0.042188 0.225781
1 0.528125 0.181250 0.037500 0.202344
1 0.225781 0.200000 0.055469 0.198437
1 0.175781 0.401562 0.065625 0.208594
0 0.260937 0.146875 0.062500 0.293750
1 0.523438 0.248438 0.046094 0.200781
1 0.819531 0.650781 0.087500 0.211719
1 0.666406 0.450781 0.082031 0.280469
1 0.339062 0.907031 0.247726 0.416847
1 0.466406 0.278125 0.108074 0.291989
1 0.960938 0.574219 0.117548 0.202444
