1 0.360938 0.783594 0.095312 0.160938
1 0.527344 0.448437 0.067969 0.121094
1 0.651563 0.511719 0.096094 0.175781
1 0.618750 0.427344 0.065625 0.143750
1 0.517188 0.460156 0.079687 0.133594
1 0.426563 0.560156 0.085156 0.118750
1 0.600000 0.900000 0.097656 0.142969
1 0.392188 0.714844 0.070312 0.146094
0 0.282031 0.414062 0.164062 0.364063
0 0.424219 0.835156 0.167969 0.231250
1 0.687500 0.586719 0.096875 0.213281
1 0.195312 0.253125 0.111138 0.222276
1 0.524219 0.846094 0.093814 0.315904
1 0.574219 0.903125 0.044646 0.123490
