0 0.539844 0.220312 0.093750 0.275781
0 0.297656 0.442188 0.137500 0.471875
1 0.294531 0.130469 0.038281 0.109375
1 0.459375 0.409375 0.097656 0.109375
1 0.675000 0.527344 0.070312 0.138281
1 0.759375 0.775000 0.060937 0.135937
1 0.760938 0.664844 0.081250 0.135156
1 0.585938 0.447656 0.051562 0.125000
1 0.543750 0.394531 0.044531 0.161719
1 0.623437 0.457813 0.073438 0.129688
1 0.228906 0.610938 0.114844 0.272656
1 0.739062 0.188281 0.288914 0.371799
1 0.782031 0.526563 0.054714 0.158777
1 0.875781 0.554688 0.150573 0.384070
