1 0.322656 0.717969 0.095312 0.160938
1 0.527344 0.448437 0.067969 0.121094
1 0.651563 0.511719 0.096094 0.175781
1 0.618750 0.427344 0.065625 0.143750
1 0.521094 0.492969 0.079687 0.133594
1 0.426563 0.560156 0.085156 0.118750
1 0.600000 0.900000 0.097656 0.142969
1 0.392188 0.714844 0.070312 0.146094
0 0.282031 0.414062 0.164062 0.364063
0 0.444531 0.800000 0.102344 0.280469
1 0.735156 0.587500 0.096875 0.213281
1 0.495312 0.288281 0.187142 0.276731
1 0.674219 0.917969 0.085538 0.158531
