0 0.092969 0.367188 0.185938 0.334375
1 0.148438 0.702344 0.110156 0.233594
1 0.058594 0.508594 0.117188 0.171094
1 0.050781 0.419531 0.093750 0.146094
1 0.379688 0.209375 0.067187 0.187500
1 0.561719 0.309375 0.069531 0.187500
1 0.654687 0.456250 0.083594 0.178906
1 0.644531 0.354687 0.094531 0.112500
0 0.438281 0.152344 0.090625 0.141406
1 0.828125 0.617188 0.115625 0.197656
1 0.703906 0.544531 0.078906 0.242188
1 0.475781 0.308594 0.078125 0.185156
1 0.411719 0.238281 0.047656 0.140625
1 0.427344 0.682031 0.323577 0.463362
1 0.167187 0.403906 0.166013 0.313350
1 0.309375 0.667969 0.074846 0.150793
