1 0.584375 0.348438 0.050000 0.198437
1 0.527344 0.448437 0.067969 0.121094
1 0.651563 0.511719 0.096094 0.175781
1 0.618750 0.427344 0.065625 0.143750
1 0.487500 0.490625 0.079687 0.133594
1 0.426563 0.560156 0.085156 0.118750
1 0.600000 0.900000 0.097656 0.142969
1 0.392188 0.714844 0.070312 0.146094
0 0.514062 0.165625 0.085938 0.331250
0 0.282031 0.414062 0.164062 0.364063
0 0.444531 0.800000 0.102344 0.280469
1 0.970313 0.317969 0.069684 0.116472
1 0.625000 0.825000 0.101094 0.215667
1 0.399219 0.602344 0.154660 0.251556
