1 0.542969 0.453906 0.065625 0.263281
1 0.488281 0.620313 0.057031 0.269531
1 0.344531 0.627344 0.074219 0.344531
1 0.402344 0.590625 0.078906 0.157812
1 0.494531 0.223438 0.055469 0.190625
1 0.397656 0.143750 0.055469 0.168750
1 0.214062 0.442188 0.081250 0.147656
1 0.185156 0.335156 0.057813 0.142187
1 0.234375 0.306250 0.044531 0.128125
1 0.234375 0.237500 0.048438 0.100781
0 0.300000 0.378906 0.071875 0.410938
0 0.773438 0.515625 0.143750 0.396875
0 0.790625 0.673438 0.190625 0.370312
1 0.173437 0.782813 0.195779 0.271564
1 0.777344 0.478125 0.102452 0.171263
1 0.245312 0.411719 0.223936 0.501312
