1 0.432812 0.899219 0.084375 0.201563
1 0.527344 0.448437 0.067969 0.121094
1 0.651563 0.511719 0.096094 0.175781
1 0.618750 0.427344 0.065625 0.143750
1 0.485156 0.547656 0.079687 0.133594
1 0.426563 0.560156 0.085156 0.118750
1 0.600000 0.900000 0.097656 0.142969
1 0.377344 0.547656 0.078125 0.246875
0 0.424219 0.835156 0.167969 0.231250
1 0.700781 0.536719 0.096875 0.213281
1 0.746875 0.632031 0.082812 0.216406
1 0.603906 0.244531 0.320568 0.431631
1 0.599219 0.727344 0.182241 0.353503
1 0.113281 0.726562 0.079560 0.119857
