1 0.607812 0.850000 0.330469 0.300000
1 0.756250 0.739062 0.229687 0.188281
1 0.826562 0.583594 0.136719 0.221875
1 0.732812 0.239844 0.067969 0.214844
1 0.864844 0.239063 0.153906 0.130469
0 0.637500 0.200000 0.180469 0.378906
1 0.677344 0.173437 0.153125 0.107031
1 0.292187 0.333594 0.116406 0.161719
1 0.438281 0.217188 0.150781 0.113281
1 0.756250 0.362500 0.096875 0.253125
1 0.835938 0.606250 0.152614 0.408466
1 0.408594 0.831250 0.170542 0.273481
1 0.798438 0.267188 0.119280 0.290746
