0 0.461719 0.457031 0.176563 0.382031
1 0.613281 0.672656 0.101562 0.198437
1 0.331250 0.615625 0.089063 0.217188
1 0.157812 0.750781 0.112500 0.165625
1 0.264062 0.498437 0.095312 0.152344
1 0.250000 0.842187 0.157031 0.315625
1 0.194531 0.390625 0.072656 0.120313
1 0.128906 0.236719 0.058594 0.213281
1 0.023438 0.269531 0.046875 0.196875
0 0.140625 0.582812 0.206250 0.293750
1 0.264844 0.241406 0.061719 0.194531
1 0.131250 0.412500 0.454897 0.624726
1 0.923438 0.242188 0.135766 0.403904
