0 0.699219 0.621875 0.271094 0.556250
1 0.148438 0.702344 0.110156 0.233594
1 0.082812 0.536719 0.117188 0.171094
1 0.050781 0.419531 0.093750 0.146094
1 0.040625 0.346875 0.081250 0.106250
1 0.379688 0.209375 0.067187 0.187500
1 0.426563 0.215625 0.060937 0.162500
1 0.469531 0.307812 0.067187 0.190625
1 0.561719 0.309375 0.069531 0.187500
1 0.654687 0.456250 0.083594 0.178906
1 0.644531 0.354687 0.094531 0.112500
0 0.438281 0.152344 0.090625 0.141406
1 0.828125 0.559375 0.115625 0.197656
1 0.726562 0.744531 0.160024 0.284658
1 0.778906 0.748437 0.078153 0.196149
1 0.660937 0.284375 0.155023 0.263539
