0 0.553906 0.214062 0.064844 0.263281
0 0.342969 0.266406 0.114062 0.229687
1 0.294531 0.130469 0.038281 0.109375
1 0.459375 0.409375 0.097656 0.109375
1 0.675000 0.527344 0.070312 0.138281
1 0.759375 0.775000 0.060937 0.135937
1 0.714844 0.553906 0.082031 0.209375
1 0.585938 0.447656 0.051562 0.125000
1 0.543750 0.394531 0.044531 0.161719
1 0.623437 0.457813 0.073438 0.129688
1 0.270313 0.263281 0.091879 0.224774
1 0.032813 0.622656 0.084379 0.186838
1 0.961719 0.214062 0.144055 0.246952
