0 0.575000 0.571094 0.089844 0.199219
0 0.174219 0.443750 0.103125 0.173437
0 0.517188 0.085938 0.069531 0.142969
1 0.508594 0.393750 0.094531 0.151562
1 0.520312 0.637500 0.142969 0.178906
1 0.385937 0.801562 0.161719 0.153125
1 0.302344 0.648438 0.213281 0.150781
1 0.248438 0.533594 0.174219 0.119531
1 0.407031 0.221875 0.125000 0.130469
1 0.199219 0.373437 0.148438 0.093750
1 0.190625 0.286719 0.117969 0.087500
1 0.322656 0.274219 0.097656 0.161719
1 0.364844 0.620313 0.052894 0.107644
1 0.367969 0.941406 0.060133 0.148329
1 0.874219 0.382031 0.017521 0.076539
