1 0.653906 0.522656 0.100781 0.132031
1 0.440625 0.405469 0.087500 0.107813
1 0.300000 0.145313 0.025781 0.138281
0 0.357812 0.490625 0.092969 0.519531
1 0.633594 0.451562 0.048438 0.128125
1 0.582812 0.437500 0.056250 0.134375
1 0.546094 0.394531 0.062500 0.130469
0 0.538281 0.085156 0.040625 0.100781
0 0.542969 0.238281 0.078906 0.305469
1 0.567969 0.121094 0.035156 0.077344
1 0.753125 0.652344 0.089063 0.150000
1 0.764062 0.770312 0.083594 0.099219
1 0.203906 0.561719 0.080469 0.323437
1 0.378906 0.783594 0.069274 0.207823
1 0.967187 0.203125 0.092690 0.228416
