1 0.653906 0.522656 0.100781 0.132031
1 0.440625 0.405469 0.087500 0.107813
1 0.300000 0.145313 0.025781 0.138281
0 0.320312 0.256250 0.087500 0.325781
1 0.633594 0.451562 0.048438 0.128125
1 0.582812 0.437500 0.056250 0.134375
1 0.521875 0.379688 0.062500 0.130469
0 0.538281 0.085156 0.040625 0.100781
0 0.585156 0.247656 0.078906 0.305469
1 0.567969 0.121094 0.035156 0.077344
1 0.410156 0.153906 0.048438 0.121094
1 0.542969 0.251563 0.076618 0.118502
1 0.690625 0.265625 0.063851 0.117486
