1 0.500000 0.389062 0.119531 0.155469
1 0.530469 0.660156 0.122656 0.181250
1 0.389844 0.796094 0.173437 0.153125
1 0.297656 0.660156 0.203906 0.209375
1 0.251563 0.538281 0.166406 0.126562
1 0.336719 0.272656 0.082031 0.146875
1 0.196094 0.283594 0.133594 0.091406
0 0.163281 0.442969 0.112500 0.155469
1 0.189062 0.392969 0.142187 0.098437
0 0.578906 0.563281 0.072656 0.210938
0 0.517969 0.078125 0.071094 0.135156
1 0.201563 0.773438 0.071950 0.200208
1 0.585156 0.389844 0.121019 0.261908
