0 0.489063 0.489844 0.176563 0.382031
0 0.098437 0.616406 0.162500 0.278125
1 0.613281 0.672656 0.101562 0.198437
1 0.331250 0.615625 0.089063 0.217188
1 0.157812 0.750781 0.112500 0.165625
1 0.264062 0.498437 0.095312 0.152344
1 0.235156 0.903125 0.174219 0.173437
1 0.114844 0.234375 0.073438 0.212500
1 0.194531 0.374219 0.072656 0.120313
1 0.461719 0.862500 0.159375 0.244531
1 0.050000 0.414844 0.069531 0.114062
1 0.185938 0.231250 0.076563 0.214062
1 0.182031 0.797656 0.114850 0.183002
1 0.168750 0.086719 0.119811 0.266852
1 0.107813 0.665625 0.197822 0.395644
