1 0.654687 0.172656 0.159375 0.094531
1 0.825781 0.392969 0.225000 0.137500
1 0.862500 0.333594 0.186719 0.121094
1 0.704688 0.485156 0.259375 0.178906
1 0.638281 0.575000 0.240625 0.183594
1 0.627344 0.782813 0.260156 0.158594
1 0.124219 0.733594 0.157812 0.223438
1 0.327344 0.482812 0.159375 0.205469
1 0.486719 0.257031 0.134375 0.146094
1 0.362500 0.235156 0.139063 0.110937
1 0.239844 0.367969 0.158594 0.131250
0 0.131250 0.459375 0.147656 0.267969
1 0.321094 0.413281 0.052877 0.132838
1 0.897656 0.953125 0.121712 0.170713
