1 0.810937 0.253906 0.086719 0.268750
1 0.639062 0.310937 0.105469 0.224219
1 0.519531 0.209375 0.095312 0.125000
1 0.299219 0.346875 0.085156 0.146094
1 0.363281 0.276562 0.097656 0.155469
1 0.431250 0.219531 0.090625 0.128125
1 0.401562 0.500000 0.096094 0.219531
1 0.471094 0.394531 0.092188 0.176563
1 0.257031 0.496875 0.098437 0.221875
0 0.204687 0.403906 0.133594 0.285156
1 0.460156 0.567187 0.153020 0.216193
1 0.618750 0.459375 0.102059 0.200825
1 0.491406 0.694531 0.267959 0.396011
