0 0.597656 0.243750 0.091406 0.316406
1 0.603906 0.585156 0.078906 0.258594
1 0.653906 0.522656 0.100781 0.132031
1 0.440625 0.405469 0.087500 0.107813
1 0.300000 0.145313 0.025781 0.138281
1 0.283594 0.156250 0.034375 0.133594
0 0.188281 0.359375 0.102344 0.346094
1 0.633594 0.451562 0.048438 0.128125
1 0.706250 0.645312 0.073438 0.168750
1 0.785156 0.685937 0.082812 0.114062
1 0.582812 0.437500 0.056250 0.134375
0 0.546094 0.107031 0.064062 0.096094
1 0.510938 0.196094 0.170133 0.267069
1 0.215625 0.625000 0.097724 0.210877
1 0.859375 0.221094 0.168923 0.225843
