1 0.688281 0.569531 0.076563 0.248438
1 0.409375 0.570312 0.116406 0.176563
1 0.329688 0.761719 0.077344 0.298438
1 0.284375 0.717969 0.096094 0.196875
1 0.357812 0.175781 0.039062 0.188281
1 0.402344 0.145313 0.039844 0.175781
1 0.468750 0.099219 0.028125 0.106250
1 0.270313 0.366406 0.065625 0.185156
0 0.196875 0.348438 0.107031 0.439063
1 0.236719 0.325781 0.045312 0.132812
1 0.231250 0.231250 0.041406 0.112500
0 0.782813 0.549219 0.162500 0.364063
0 0.300000 0.284375 0.099219 0.402344
1 0.442188 0.246875 0.037500 0.231250
1 0.264062 0.169531 0.042188 0.172656
1 0.490625 0.778125 0.055728 0.158610
1 0.286719 0.651563 0.248420 0.373812
1 0.601562 0.232031 0.129958 0.194937
