0 0.216406 0.248438 0.121094 0.215625
1 0.245312 0.254688 0.039844 0.119531
1 0.439844 0.205469 0.067969 0.262500
1 0.546094 0.432812 0.058594 0.249219
1 0.406250 0.364063 0.073438 0.282031
1 0.649219 0.660156 0.076563 0.213281
1 0.564063 0.850000 0.131250 0.242188
1 0.617969 0.515625 0.049219 0.155469
1 0.482812 0.641406 0.090625 0.228906
1 0.428125 0.706250 0.076563 0.134375
1 0.560156 0.640625 0.050000 0.183594
1 0.365625 0.475781 0.064826 0.261011
1 0.514844 0.323437 0.223357 0.310572
1 0.097656 0.157031 0.157796 0.283421
