1 0.335938 0.774219 0.095312 0.160938
1 0.527344 0.448437 0.067969 0.121094
1 0.651563 0.511719 0.096094 0.175781
1 0.618750 0.427344 0.065625 0.143750
1 0.517188 0.460156 0.079687 0.133594
1 0.426563 0.560156 0.085156 0.118750
1 0.600000 0.900000 0.097656 0.142969
1 0.392188 0.714844 0.070312 0.146094
0 0.282031 0.414062 0.164062 0.364063
0 0.424219 0.835156 0.167969 0.231250
1 0.735156 0.587500 0.096875 0.213281
1 0.725000 0.066406 0.158488 0.302754
1 0.559375 0.856250 0.164403 0.263809
1 0.197656 0.047656 0.043145 0.101258
