1 0.444531 0.418750 0.057813 0.122656
1 0.627344 0.467187 0.083594 0.173437
1 0.456250 0.277344 0.071094 0.117188
1 0.305469 0.148438 0.024219 0.168750
1 0.666406 0.731250 0.119531 0.253125
1 0.377344 0.149219 0.034375 0.139063
1 0.400781 0.140625 0.030469 0.144531
1 0.212500 0.602344 0.078125 0.162500
0 0.539844 0.250000 0.079687 0.353125
0 0.360938 0.168750 0.062500 0.235156
1 0.324219 0.163281 0.034375 0.117969
0 0.442188 0.110937 0.052344 0.205469
0 0.476562 0.157031 0.066406 0.296094
0 0.603906 0.190625 0.064062 0.241406
1 0.192969 0.252344 0.078698 0.151853
1 0.672656 0.872656 0.174472 0.276411
1 0.716406 0.342969 0.243656 0.380860
