1 0.390625 0.899219 0.084375 0.201563
1 0.527344 0.448437 0.067969 0.121094
1 0.651563 0.511719 0.096094 0.175781
1 0.618750 0.427344 0.065625 0.143750
1 0.485156 0.547656 0.079687 0.133594
1 0.426563 0.560156 0.085156 0.118750
1 0.603125 0.868750 0.102344 0.206250
1 0.905469 0.413281 0.057813 0.229687
0 0.746094 0.393750 0.103906 0.369531
1 0.700781 0.536719 0.096875 0.213281
1 0.707031 0.713281 0.082812 0.216406
1 0.616406 0.828125 0.132206 0.212903
1 0.381250 0.335938 0.055038 0.125800
