0 0.489063 0.489844 0.176563 0.382031
0 0.139844 0.582812 0.194531 0.516406
1 0.613281 0.672656 0.101562 0.198437
1 0.331250 0.615625 0.089063 0.217188
1 0.157812 0.750781 0.112500 0.165625
1 0.297656 0.497656 0.095312 0.152344
1 0.355469 0.117188 0.055469 0.182031
1 0.283594 0.917969 0.117188 0.164062
1 0.282031 0.169531 0.073438 0.212500
1 0.056250 0.428906 0.072656 0.120313
1 0.378125 0.867188 0.165625 0.190625
1 0.494531 0.732031 0.039039 0.115301
1 0.513281 0.792188 0.214548 0.314387
1 0.692187 0.392188 0.098227 0.199727
