0 0.738281 0.344531 0.094531 0.385937
1 0.807813 0.382812 0.057031 0.245312
1 0.500000 0.341406 0.061719 0.199219
1 0.686719 0.575000 0.078125 0.138281
1 0.656250 0.806250 0.081250 0.142187
1 0.685937 0.720313 0.129688 0.135156
1 0.442188 0.813281 0.107031 0.196875
1 0.426563 0.566406 0.079687 0.121094
1 0.502344 0.503125 0.073438 0.118750
1 0.769531 0.550000 0.051562 0.217188
1 0.862500 0.408594 0.043750 0.204687
1 0.535937 0.300000 0.146836 0.213327
1 0.199219 0.659375 0.166510 0.282088
1 0.121094 0.908594 0.167523 0.284588
