0 0.216406 0.248438 0.121094 0.215625
1 0.245312 0.254688 0.039844 0.119531
1 0.328906 0.267969 0.075781 0.227344
1 0.453125 0.329688 0.071094 0.145313
1 0.526563 0.355469 0.058594 0.249219
1 0.492188 0.517969 0.058594 0.298438
1 0.649219 0.660156 0.076563 0.213281
1 0.564063 0.850000 0.131250 0.242188
1 0.597656 0.617188 0.059375 0.233594
1 0.532813 0.677344 0.087500 0.125781
1 0.553125 0.603906 0.072656 0.131250
1 0.456250 0.677344 0.076563 0.134375
1 0.158594 0.328906 0.065052 0.162079
1 0.955469 0.302344 0.133924 0.240329
