0 0.539844 0.220312 0.093750 0.275781
0 0.350781 0.562500 0.155469 0.401562
1 0.294531 0.130469 0.038281 0.109375
1 0.459375 0.409375 0.097656 0.109375
1 0.675000 0.527344 0.070312 0.138281
1 0.759375 0.775000 0.060937 0.135937
1 0.760938 0.664844 0.081250 0.135156
1 0.585938 0.447656 0.051562 0.125000
1 0.543750 0.394531 0.044531 0.161719
1 0.623437 0.457813 0.073438 0.129688
1 0.192188 0.556250 0.114844 0.272656
1 0.774219 0.169531 0.182053 0.284331
1 0.109375 0.184375 0.152535 0.346296
1 0.786719 0.121094 0.198590 0.274849
