1 0.857812 0.246094 0.105469 0.212500
1 0.289062 0.517969 0.114062 0.326562
1 0.519531 0.209375 0.095312 0.125000
1 0.299219 0.346875 0.085156 0.146094
1 0.363281 0.276562 0.097656 0.155469
1 0.431250 0.219531 0.090625 0.128125
1 0.401562 0.500000 0.096094 0.219531
1 0.471094 0.394531 0.092188 0.176563
1 0.257031 0.496875 0.098437 0.221875
0 0.204687 0.403906 0.133594 0.285156
1 0.203906 0.469531 0.161398 0.318003
1 0.489063 0.683594 0.123856 0.352989
1 0.819531 0.726562 0.313436 0.500443
