1 0.857812 0.246094 0.105469 0.212500
1 0.727344 0.355469 0.078906 0.259375
1 0.519531 0.209375 0.095312 0.125000
1 0.299219 0.346875 0.085156 0.146094
1 0.363281 0.276562 0.097656 0.155469
1 0.431250 0.219531 0.090625 0.128125
1 0.395313 0.487500 0.096094 0.219531
1 0.471094 0.394531 0.092188 0.176563
1 0.233594 0.499219 0.098437 0.221875
0 0.204687 0.403906 0.133594 0.285156
1 0.489844 0.915625 0.203691 0.292164
1 0.125781 0.731250 0.125957 0.189585
1 0.647656 0.681250 0.069950 0.224492
