0 0.539844 0.220312 0.093750 0.275781
0 0.241406 0.289844 0.110937 0.368750
1 0.459375 0.409375 0.097656 0.109375
1 0.675000 0.527344 0.070312 0.138281
1 0.759375 0.775000 0.060937 0.135937
1 0.760938 0.664844 0.081250 0.135156
1 0.585938 0.447656 0.051562 0.125000
1 0.563281 0.402344 0.044531 0.161719
1 0.623437 0.457813 0.073438 0.129688
1 0.207813 0.579688 0.104688 0.381250
1 0.332031 0.133594 0.033594 0.139063
1 0.123438 0.470313 0.278269 0.551082
1 0.707812 0.535937 0.323402 0.474670
1 0.400781 0.707031 0.266333 0.385532
