1 0.553906 0.278125 0.063281 0.221875
1 0.627344 0.467187 0.083594 0.173437
1 0.360156 0.164062 0.025781 0.140625
1 0.428125 0.153906 0.027344 0.160938
1 0.322656 0.159375 0.024219 0.168750
0 0.292969 0.114062 0.037500 0.211719
1 0.314844 0.172656 0.021094 0.144531
1 0.385937 0.144531 0.030469 0.144531
0 0.603906 0.104688 0.071875 0.179688
1 0.235937 0.588281 0.078125 0.162500
1 0.394531 0.135156 0.021094 0.139844
1 0.147656 0.896875 0.160311 0.235859
1 0.164844 0.948438 0.052365 0.197490
1 0.789844 0.412500 0.054338 0.128436
