1 0.710156 0.880469 0.125781 0.192188
1 0.414062 0.599219 0.132812 0.198437
1 0.658594 0.500781 0.083594 0.241406
1 0.325000 0.790625 0.087500 0.215625
1 0.273438 0.659375 0.114062 0.168750
1 0.519531 0.375000 0.054688 0.241406
1 0.419531 0.379688 0.064062 0.239063
1 0.400000 0.139063 0.042969 0.170313
1 0.432031 0.124219 0.039062 0.170313
1 0.234375 0.215625 0.040625 0.099219
0 0.292187 0.295312 0.091406 0.406250
1 0.257031 0.351562 0.049219 0.228125
0 0.749219 0.514062 0.129688 0.406250
0 0.175781 0.424219 0.125000 0.389844
0 0.453906 0.317188 0.078125 0.322656
0 0.532031 0.144531 0.085938 0.289062
1 0.294531 0.052344 0.149408 0.249013
1 0.660156 0.151562 0.082131 0.182857
1 0.532813 0.446094 0.090793 0.161797
