0 0.567969 0.271094 0.114062 0.274219
1 0.613281 0.606250 0.095312 0.223438
1 0.653906 0.522656 0.100781 0.132031
1 0.440625 0.405469 0.087500 0.107813
1 0.301563 0.152344 0.032031 0.123438
1 0.283594 0.156250 0.034375 0.133594
0 0.297656 0.282813 0.102344 0.346094
1 0.633594 0.451562 0.048438 0.128125
1 0.706250 0.645312 0.073438 0.168750
1 0.767969 0.655469 0.067187 0.146094
1 0.582812 0.437500 0.056250 0.134375
1 0.899219 0.275000 0.108452 0.144602
1 0.284375 0.761719 0.217648 0.299265
