1 0.707031 0.587500 0.086719 0.149219
1 0.660937 0.517969 0.062500 0.121875
1 0.628906 0.467969 0.089063 0.128125
1 0.463281 0.421875 0.095312 0.124219
1 0.322656 0.177344 0.028906 0.128125
1 0.278125 0.196094 0.032813 0.146875
0 0.614062 0.103125 0.051562 0.167187
0 0.555469 0.227344 0.078125 0.314844
1 0.571875 0.499219 0.062500 0.233594
1 0.364844 0.171875 0.030469 0.132812
0 0.469531 0.117188 0.053906 0.221875
1 0.055469 0.865625 0.073837 0.325641
1 0.224219 0.913281 0.123259 0.179171
1 0.467187 0.367969 0.083520 0.127975
