0 0.462500 0.345313 0.132031 0.550781
1 0.148438 0.702344 0.110156 0.233594
1 0.082812 0.536719 0.117188 0.171094
1 0.050781 0.419531 0.093750 0.146094
1 0.040625 0.346875 0.081250 0.106250
1 0.379688 0.209375 0.067187 0.187500
1 0.561719 0.309375 0.069531 0.187500
1 0.654687 0.456250 0.083594 0.178906
1 0.644531 0.354687 0.094531 0.112500
0 0.438281 0.152344 0.090625 0.141406
1 0.828125 0.559375 0.115625 0.197656
1 0.692969 0.590625 0.078906 0.242188
1 0.831250 0.769531 0.245987 0.355057
1 0.304688 0.546094 0.147548 0.278535
1 0.169531 0.619531 0.221566 0.364800
