1 0.628906 0.449219 0.085938 0.163281
1 0.498437 0.483594 0.067969 0.129688
1 0.503906 0.318750 0.076563 0.187500
1 0.318750 0.170313 0.035937 0.155469
1 0.332813 0.148438 0.028906 0.142187
1 0.379688 0.147656 0.028906 0.147656
1 0.413281 0.142969 0.035937 0.145313
0 0.557031 0.078125 0.047656 0.140625
1 0.575781 0.121875 0.034375 0.077344
0 0.603125 0.240625 0.066406 0.280469
0 0.296875 0.121875 0.052344 0.222656
0 0.442969 0.096875 0.046875 0.181250
1 0.233594 0.741406 0.180112 0.297489
1 0.314844 0.198437 0.056948 0.137735
1 0.577344 0.245312 0.114901 0.170499
