0 0.553906 0.214062 0.064844 0.263281
0 0.285156 0.346094 0.130469 0.281250
1 0.294531 0.130469 0.038281 0.109375
1 0.459375 0.409375 0.097656 0.109375
1 0.675000 0.527344 0.070312 0.138281
1 0.759375 0.775000 0.060937 0.135937
1 0.760938 0.664844 0.081250 0.135156
1 0.585938 0.447656 0.051562 0.125000
1 0.543750 0.394531 0.044531 0.161719
1 0.623437 0.457813 0.073438 0.129688
1 0.557031 0.516406 0.062743 0.129327
1 0.222656 0.434375 0.059823 0.119646
1 0.715625 0.177344 0.064426 0.114210
