1 0.360938 0.783594 0.095312 0.160938
1 0.527344 0.448437 0.067969 0.121094
1 0.651563 0.511719 0.096094 0.175781
1 0.618750 0.427344 0.065625 0.143750
1 0.493750 0.460156 0.079687 0.133594
1 0.426563 0.560156 0.085156 0.118750
1 0.600000 0.900000 0.097656 0.142969
1 0.422656 0.692969 0.107031 0.143750
0 0.335156 0.321094 0.114844 0.396094
0 0.424219 0.835156 0.167969 0.231250
1 0.700781 0.536719 0.096875 0.213281
1 0.835938 0.444531 0.060156 0.187500
1 0.158594 0.673438 0.220292 0.360478
1 0.760938 0.370312 0.089335 0.121240
