1 0.148438 0.702344 0.110156 0.233594
1 0.082812 0.536719 0.117188 0.171094
1 0.050781 0.419531 0.093750 0.146094
1 0.040625 0.346875 0.081250 0.106250
1 0.379688 0.209375 0.067187 0.187500
1 0.426563 0.215625 0.060937 0.162500
1 0.469531 0.307812 0.067187 0.190625
1 0.561719 0.309375 0.069531 0.187500
1 0.654687 0.456250 0.083594 0.178906
1 0.644531 0.354687 0.094531 0.112500
1 0.700781 0.542969 0.103125 0.190625
0 0.767188 0.740625 0.335938 0.300000
1 0.842969 0.566406 0.096094 0.124219
0 0.438281 0.152344 0.090625 0.141406
1 0.110937 0.357031 0.200793 0.360118
1 0.516406 0.573438 0.116080 0.188790
1 0.494531 0.782813 0.191603 0.280194
