1 0.810937 0.253906 0.086719 0.268750
1 0.639062 0.310937 0.105469 0.224219
1 0.519531 0.209375 0.095312 0.125000
1 0.299219 0.346875 0.085156 0.146094
1 0.363281 0.276562 0.097656 0.155469
1 0.431250 0.219531 0.090625 0.128125
1 0.401562 0.500000 0.096094 0.219531
1 0.471094 0.394531 0.092188 0.176563
1 0.257031 0.496875 0.098437 0.221875
0 0.204687 0.403906 0.133594 0.285156
1 0.785156 0.760156 0.319747 0.425491
1 0.900000 0.271875 0.073803 0.190458
1 0.788281 0.656250 0.147237 0.256231
