0 0.553906 0.738281 0.166406 0.464062
1 0.396875 0.863281 0.151562 0.220312
1 0.269531 0.885938 0.115625 0.188281
1 0.330469 0.696875 0.112500 0.175781
0 0.723437 0.171094 0.104688 0.330469
1 0.557031 0.219531 0.077344 0.150781
1 0.510156 0.419531 0.064844 0.163281
1 0.442188 0.122656 0.071094 0.190625
1 0.360938 0.345313 0.078125 0.252344
0 0.136719 0.417187 0.144531 0.460938
1 0.309375 0.743750 0.208272 0.281780
1 0.835156 0.625781 0.078100 0.182233
1 0.605469 0.867188 0.064137 0.156537
