0 0.216406 0.248438 0.121094 0.215625
1 0.245312 0.254688 0.039844 0.119531
1 0.407031 0.267188 0.071875 0.228125
1 0.613281 0.584375 0.058594 0.249219
1 0.417969 0.400781 0.073438 0.282031
1 0.649219 0.660156 0.076563 0.213281
1 0.564063 0.850000 0.131250 0.242188
1 0.642969 0.540625 0.049219 0.155469
1 0.514844 0.638281 0.090625 0.228906
1 0.456250 0.677344 0.076563 0.134375
1 0.560156 0.640625 0.050000 0.183594
1 0.346094 0.373437 0.056250 0.282031
0 0.279687 0.157812 0.075781 0.315625
1 0.620313 0.586719 0.174831 0.282540
1 0.407031 0.603125 0.197215 0.408031
