0 0.489063 0.489844 0.176563 0.382031
0 0.098437 0.616406 0.162500 0.278125
1 0.613281 0.672656 0.101562 0.198437
1 0.331250 0.615625 0.089063 0.217188
1 0.157812 0.750781 0.112500 0.165625
1 0.264062 0.498437 0.095312 0.152344
1 0.220312 0.224219 0.055469 0.182031
1 0.235156 0.903125 0.174219 0.173437
1 0.170313 0.257031 0.073438 0.212500
1 0.194531 0.374219 0.072656 0.120313
1 0.461719 0.862500 0.159375 0.244531
1 0.050000 0.414844 0.069531 0.114062
1 0.154688 0.839844 0.088382 0.247736
1 0.072656 0.619531 0.214404 0.465774
