0 0.668750 0.546094 0.135156 0.357031
1 0.712500 0.623437 0.085156 0.252344
0 0.765625 0.521875 0.085938 0.404687
0 0.610156 0.277344 0.117969 0.377344
0 0.167969 0.403125 0.089844 0.438281
0 0.300781 0.283594 0.111719 0.427344
1 0.459375 0.717187 0.103906 0.389062
1 0.792969 0.703125 0.102344 0.213281
1 0.403125 0.144531 0.048438 0.180469
1 0.282813 0.754687 0.114062 0.176563
1 0.292187 0.620313 0.132812 0.170313
1 0.217188 0.385937 0.063281 0.194531
1 0.472656 0.128125 0.044531 0.172656
1 0.941406 0.194531 0.189638 0.487299
1 0.896094 0.825000 0.172677 0.297828
