1 0.401562 0.214844 0.106250 0.163281
1 0.496094 0.396094 0.109375 0.142187
1 0.515625 0.650781 0.142187 0.194531
1 0.370312 0.785937 0.171875 0.167187
1 0.292187 0.639062 0.217188 0.177344
1 0.252344 0.528906 0.167969 0.145313
1 0.326562 0.271094 0.093750 0.127344
1 0.183594 0.287500 0.120313 0.081250
1 0.192188 0.389844 0.135156 0.092969
0 0.585938 0.548438 0.096875 0.210938
0 0.167187 0.444531 0.085156 0.162500
1 0.159375 0.803906 0.044563 0.116098
1 0.963281 0.281250 0.086049 0.125355
1 0.044531 0.379688 0.103454 0.146935
