0 0.489063 0.489844 0.176563 0.382031
0 0.098437 0.616406 0.162500 0.278125
1 0.613281 0.672656 0.101562 0.198437
1 0.331250 0.615625 0.089063 0.217188
1 0.157812 0.750781 0.112500 0.165625
1 0.264062 0.498437 0.095312 0.152344
1 0.235156 0.903125 0.174219 0.173437
1 0.114844 0.234375 0.073438 0.212500
1 0.194531 0.374219 0.072656 0.120313
1 0.461719 0.862500 0.159375 0.244531
1 0.050000 0.414844 0.069531 0.114062
1 0.185938 0.231250 0.076563 0.214062
1 0.090625 0.145313 0.125088 0.253019
1 0.257031 0.348438 0.170815 0.325166
1 0.587500 0.647656 0.084524 0.292159
