0 0.585156 0.539844 0.108594 0.226562
0 0.167969 0.436719 0.117188 0.180469
0 0.594531 0.119531 0.062500 0.146875
1 0.406250 0.219531 0.073438 0.109375
1 0.496875 0.382812 0.117188 0.139844
1 0.330469 0.273438 0.082031 0.141406
1 0.196875 0.379688 0.129688 0.090625
1 0.176563 0.290625 0.115625 0.109375
1 0.222656 0.517188 0.178906 0.114844
1 0.300000 0.639844 0.214844 0.167187
1 0.393750 0.799219 0.210938 0.198437
1 0.521094 0.653125 0.170313 0.236719
1 0.838281 0.339062 0.197883 0.287451
1 0.756250 0.064844 0.166754 0.255816
