1 0.682031 0.553906 0.066406 0.210938
1 0.660937 0.517969 0.062500 0.121875
1 0.628906 0.467969 0.089063 0.128125
1 0.463281 0.421875 0.095312 0.124219
1 0.296875 0.157812 0.028906 0.128125
1 0.278125 0.196094 0.032813 0.146875
0 0.555469 0.227344 0.078125 0.314844
1 0.517188 0.551562 0.079687 0.254688
1 0.375000 0.225781 0.042188 0.169531
1 0.558594 0.370312 0.084375 0.112500
1 0.657031 0.242969 0.201752 0.285681
1 0.671875 0.750000 0.180555 0.335916
1 0.732031 0.316406 0.065842 0.251550
