1 0.857812 0.246094 0.105469 0.212500
1 0.742188 0.295312 0.078906 0.259375
1 0.519531 0.209375 0.095312 0.125000
1 0.299219 0.346875 0.085156 0.146094
1 0.363281 0.276562 0.097656 0.155469
1 0.431250 0.219531 0.090625 0.128125
1 0.395313 0.487500 0.096094 0.219531
1 0.471094 0.394531 0.092188 0.176563
1 0.233594 0.499219 0.098437 0.221875
0 0.204687 0.403906 0.133594 0.285156
1 0.269531 0.757812 0.176346 0.352691
1 0.417969 0.385937 0.177162 0.251358
1 0.142969 0.793750 0.158554 0.229630
