0 0.216406 0.248438 0.121094 0.215625
1 0.245312 0.254688 0.039844 0.119531
1 0.500000 0.346094 0.083594 0.084375
1 0.613281 0.584375 0.058594 0.249219
1 0.500781 0.407031 0.073438 0.282031
1 0.649219 0.660156 0.076563 0.213281
1 0.564063 0.850000 0.131250 0.242188
1 0.642969 0.540625 0.049219 0.155469
1 0.514844 0.638281 0.090625 0.228906
1 0.456250 0.677344 0.076563 0.134375
1 0.560156 0.640625 0.050000 0.183594
1 0.386719 0.232031 0.056250 0.282031
0 0.188281 0.164844 0.075781 0.315625
1 0.432031 0.697656 0.054093 0.139825
1 0.448437 0.694531 0.303914 0.404401
1 0.176563 0.725781 0.105571 0.390612
