0 0.724219 0.578125 0.180469 0.471875
0 0.831250 0.425781 0.130469 0.429688
1 0.453125 0.157812 0.060156 0.128906
1 0.313281 0.158594 0.042969 0.197656
1 0.268750 0.282813 0.042188 0.225781
1 0.414844 0.163281 0.037500 0.202344
1 0.225781 0.200000 0.055469 0.198437
1 0.235937 0.249219 0.065625 0.208594
0 0.260937 0.146875 0.062500 0.293750
1 0.394531 0.219531 0.046094 0.200781
1 0.800781 0.680469 0.087500 0.211719
1 0.457813 0.450781 0.073699 0.181300
1 0.557031 0.186719 0.106967 0.236731
1 0.415625 0.214844 0.166984 0.235828
