1 0.325781 0.686719 0.080469 0.253125
1 0.513281 0.600000 0.111719 0.246094
1 0.378906 0.503125 0.075781 0.190625
1 0.196875 0.346094 0.068750 0.157812
1 0.140625 0.289844 0.071875 0.127344
1 0.240625 0.315625 0.060937 0.136719
1 0.233594 0.227344 0.068750 0.088281
1 0.490625 0.230469 0.051562 0.209375
1 0.591406 0.367188 0.053906 0.168750
0 0.302344 0.367969 0.102344 0.455469
1 0.392969 0.143750 0.038281 0.178906
0 0.792969 0.514844 0.128906 0.383594
1 0.442969 0.095312 0.043750 0.128906
1 0.894531 0.235156 0.118585 0.160151
1 0.085938 0.552344 0.143850 0.385781
1 0.717187 0.161719 0.170542 0.291508
