0 0.461719 0.457031 0.176563 0.382031
1 0.613281 0.672656 0.101562 0.198437
1 0.331250 0.615625 0.089063 0.217188
1 0.157812 0.750781 0.112500 0.165625
1 0.264062 0.498437 0.095312 0.152344
1 0.250000 0.842187 0.157031 0.315625
1 0.194531 0.390625 0.072656 0.120313
1 0.473438 0.888281 0.126562 0.217969
1 0.070312 0.434375 0.094531 0.140625
0 0.162500 0.578906 0.250781 0.300781
1 0.103906 0.811719 0.188871 0.485327
1 0.415625 0.653125 0.186949 0.571234
1 0.157812 0.349219 0.147493 0.278430
