0 0.480469 0.464844 0.171094 0.369531
1 0.621094 0.659375 0.091406 0.179688
1 0.242188 0.272656 0.101562 0.250000
1 0.180469 0.742188 0.166406 0.139844
1 0.336719 0.617188 0.096875 0.218750
1 0.267188 0.489844 0.091406 0.168750
1 0.189844 0.397656 0.086719 0.178906
0 0.106250 0.586719 0.172656 0.203906
1 0.062500 0.421094 0.082812 0.116406
1 0.155469 0.103906 0.099219 0.197656
1 0.178906 0.208594 0.060156 0.247656
1 0.250000 0.131250 0.064062 0.193750
1 0.240625 0.142969 0.074040 0.240631
1 0.696094 0.346875 0.302827 0.541337
