1 0.444531 0.418750 0.057813 0.122656
1 0.627344 0.467187 0.083594 0.173437
1 0.456250 0.277344 0.071094 0.117188
1 0.298438 0.179688 0.024219 0.168750
1 0.666406 0.692969 0.119531 0.253125
1 0.377344 0.149219 0.034375 0.139063
1 0.400781 0.140625 0.030469 0.144531
1 0.212500 0.602344 0.078125 0.162500
0 0.546875 0.250000 0.079687 0.353125
0 0.346094 0.164062 0.062500 0.235156
0 0.476562 0.157031 0.066406 0.296094
0 0.603906 0.190625 0.064062 0.241406
1 0.936719 0.661719 0.090320 0.212443
1 0.534375 0.144531 0.397398 0.523334
