1 0.668750 0.527344 0.085156 0.252344
0 0.765625 0.521875 0.085938 0.404687
0 0.626563 0.425000 0.089063 0.323437
0 0.610156 0.277344 0.117969 0.377344
0 0.167969 0.436719 0.089844 0.371094
0 0.300781 0.283594 0.111719 0.427344
1 0.456250 0.752344 0.110156 0.320312
1 0.683594 0.660937 0.083594 0.257031
1 0.432031 0.483594 0.111719 0.214844
1 0.403125 0.144531 0.048438 0.180469
1 0.282813 0.754687 0.114062 0.176563
1 0.292187 0.620313 0.132812 0.170313
1 0.217188 0.385937 0.063281 0.194531
1 0.472656 0.128125 0.044531 0.172656
1 0.691406 0.261719 0.182916 0.388479
1 0.492969 0.458594 0.127373 0.521507
