0 0.553906 0.214062 0.064844 0.263281
0 0.292969 0.340625 0.114062 0.229687
1 0.294531 0.130469 0.038281 0.109375
1 0.459375 0.409375 0.097656 0.109375
1 0.675000 0.527344 0.070312 0.138281
1 0.759375 0.775000 0.060937 0.135937
1 0.758594 0.684375 0.081250 0.135156
1 0.585938 0.447656 0.051562 0.125000
1 0.543750 0.394531 0.044531 0.161719
1 0.623437 0.457813 0.073438 0.129688
1 0.018750 0.809375 0.049995 0.080427
1 0.925781 0.980469 0.020328 0.056105
1 0.355469 0.341406 0.057802 0.110867
