1 0.444531 0.418750 0.057813 0.122656
1 0.627344 0.467187 0.083594 0.173437
1 0.456250 0.277344 0.071094 0.117188
1 0.311719 0.146094 0.024219 0.168750
1 0.710156 0.785156 0.101562 0.330469
1 0.377344 0.149219 0.034375 0.139063
1 0.400781 0.140625 0.030469 0.144531
1 0.212500 0.602344 0.078125 0.162500
1 0.741406 0.572656 0.077344 0.197656
0 0.601562 0.190625 0.108594 0.279687
0 0.346875 0.210938 0.082031 0.181250
1 0.332031 0.289844 0.053906 0.111719
0 0.560156 0.110937 0.052344 0.205469
1 0.548438 0.056250 0.032813 0.076563
1 0.502344 0.788281 0.236595 0.409942
