0 0.844531 0.736719 0.310156 0.471094
1 0.828125 0.592969 0.112500 0.185156
1 0.652344 0.461719 0.071094 0.150000
1 0.634375 0.370312 0.091406 0.128125
1 0.365625 0.221875 0.060156 0.172656
1 0.453906 0.269531 0.049219 0.114844
1 0.574219 0.300781 0.064062 0.156250
1 0.057813 0.345313 0.114062 0.110937
1 0.136719 0.688281 0.125781 0.146875
1 0.092969 0.539062 0.084375 0.152344
0 0.419531 0.129688 0.107813 0.173437
1 0.697656 0.557813 0.107031 0.235156
1 0.063281 0.423438 0.059375 0.138281
1 0.433594 0.205469 0.064062 0.154688
1 0.079687 0.778125 0.103906 0.237500
1 0.310937 0.630469 0.024219 0.001563
1 0.906250 0.940625 0.189087 0.246971
1 0.189844 0.398438 0.262219 0.384909
1 0.778906 0.179688 0.114450 0.226206
