1 0.607031 0.685156 0.119531 0.185938
1 0.473438 0.256250 0.107031 0.207813
1 0.146875 0.739844 0.105469 0.161719
1 0.220312 0.914062 0.150000 0.164844
1 0.246875 0.170313 0.092969 0.203906
1 0.860156 0.657813 0.107031 0.276562
1 0.193750 0.408594 0.094531 0.133594
0 0.481250 0.467187 0.201563 0.387500
0 0.060937 0.192969 0.065625 0.379688
1 0.017188 0.225781 0.034375 0.213281
1 0.050781 0.260937 0.059375 0.192188
1 0.728906 0.530469 0.120536 0.457127
1 0.260937 0.339844 0.289007 0.492860
1 0.835938 0.148438 0.142359 0.193393
