1 0.444531 0.418750 0.057813 0.122656
1 0.627344 0.467187 0.083594 0.173437
1 0.456250 0.277344 0.071094 0.117188
1 0.311719 0.146094 0.024219 0.168750
1 0.711719 0.764062 0.166406 0.249219
1 0.377344 0.149219 0.034375 0.139063
1 0.400781 0.140625 0.030469 0.144531
1 0.212500 0.602344 0.078125 0.162500
0 0.571875 0.275000 0.117188 0.316406
0 0.346875 0.210938 0.082031 0.181250
1 0.324219 0.271875 0.053906 0.111719
0 0.461719 0.109375 0.052344 0.205469
1 0.476562 0.069531 0.043750 0.088281
1 0.319531 0.756250 0.078002 0.229026
1 0.843750 0.347656 0.222703 0.327203
1 0.539062 0.304688 0.204962 0.378735
