0 0.100781 0.309375 0.139063 0.496875
1 0.164062 0.610156 0.103906 0.341406
1 0.058594 0.508594 0.117188 0.171094
1 0.050781 0.419531 0.093750 0.146094
1 0.379688 0.209375 0.067187 0.187500
1 0.561719 0.309375 0.069531 0.187500
1 0.654687 0.456250 0.083594 0.178906
1 0.644531 0.354687 0.094531 0.112500
0 0.438281 0.152344 0.090625 0.141406
1 0.828125 0.617188 0.115625 0.197656
1 0.703906 0.544531 0.078906 0.242188
1 0.475781 0.308594 0.078125 0.185156
1 0.411719 0.238281 0.047656 0.140625
1 0.203125 0.485156 0.179770 0.357401
1 0.860156 0.224219 0.082198 0.257373
1 0.262500 0.534375 0.416961 0.672117
