1 0.707031 0.587500 0.086719 0.149219
1 0.660937 0.517969 0.062500 0.121875
1 0.628906 0.467969 0.089063 0.128125
1 0.463281 0.421875 0.095312 0.124219
1 0.453125 0.282813 0.059375 0.112500
1 0.357812 0.152344 0.028906 0.128125
1 0.301563 0.167187 0.032813 0.146875
0 0.614062 0.103125 0.051562 0.167187
0 0.404687 0.113281 0.053125 0.223438
1 0.471094 0.152344 0.042188 0.159375
1 0.572656 0.116406 0.033594 0.074219
1 0.387500 0.144531 0.030469 0.132812
1 0.193750 0.630469 0.083608 0.120186
1 0.571094 0.126562 0.090855 0.166816
