0 0.810937 0.610938 0.140625 0.388281
1 0.578906 0.480469 0.087500 0.195312
1 0.653906 0.522656 0.100781 0.132031
1 0.635156 0.467187 0.062500 0.133594
1 0.440625 0.405469 0.087500 0.107813
1 0.301563 0.152344 0.032031 0.123438
1 0.283594 0.156250 0.034375 0.133594
0 0.370312 0.115625 0.059375 0.225781
0 0.551562 0.287500 0.078125 0.287500
1 0.575000 0.451562 0.048438 0.128125
1 0.699219 0.603125 0.073438 0.168750
1 0.903906 0.183594 0.121923 0.245613
1 0.717969 0.868750 0.057241 0.138443
