1 0.628906 0.449219 0.085938 0.163281
1 0.356250 0.629687 0.067969 0.235156
1 0.537500 0.287500 0.076563 0.187500
1 0.292187 0.167187 0.032031 0.139844
1 0.318750 0.170313 0.035937 0.155469
1 0.332813 0.148438 0.028906 0.142187
1 0.379688 0.147656 0.028906 0.147656
1 0.413281 0.142969 0.035937 0.145313
0 0.557031 0.078125 0.047656 0.140625
1 0.575781 0.121875 0.034375 0.077344
0 0.627344 0.387500 0.082812 0.353906
0 0.296875 0.121875 0.052344 0.222656
0 0.442969 0.096875 0.046875 0.181250
1 0.514062 0.324219 0.048997 0.130331
1 0.169531 0.569531 0.193057 0.268688
1 0.831250 0.357031 0.238905 0.398971
