0 0.216406 0.248438 0.121094 0.215625
1 0.245312 0.254688 0.039844 0.119531
1 0.400781 0.360156 0.071875 0.228125
1 0.577344 0.584375 0.058594 0.249219
1 0.491406 0.439063 0.073438 0.282031
1 0.649219 0.660156 0.076563 0.213281
1 0.564063 0.850000 0.131250 0.242188
1 0.642969 0.540625 0.049219 0.155469
1 0.514844 0.638281 0.090625 0.228906
1 0.456250 0.677344 0.076563 0.134375
1 0.560156 0.640625 0.050000 0.183594
1 0.322656 0.332031 0.056250 0.282031
0 0.324219 0.157812 0.075781 0.315625
1 0.256250 0.713281 0.159604 0.220881
1 0.432812 0.724219 0.235385 0.473222
