1 0.467969 0.673438 0.076563 0.156250
1 0.530469 0.439844 0.085156 0.293750
1 0.234375 0.244531 0.047656 0.233594
1 0.578906 0.390625 0.077344 0.310937
1 0.443750 0.337500 0.092969 0.197656
1 0.568750 0.641406 0.057813 0.200781
1 0.553125 0.803125 0.084375 0.200000
0 0.211719 0.254688 0.118750 0.223438
1 0.520312 0.664844 0.056250 0.170313
1 0.400000 0.178906 0.039844 0.227344
1 0.357812 0.178906 0.032031 0.235156
1 0.496094 0.302344 0.046875 0.252344
1 0.811719 0.807031 0.274625 0.625693
1 0.196875 0.756250 0.160069 0.320139
