1 0.444531 0.418750 0.057813 0.122656
1 0.627344 0.467187 0.083594 0.173437
1 0.456250 0.277344 0.071094 0.117188
1 0.664844 0.704688 0.119531 0.253125
1 0.378125 0.142969 0.034375 0.139063
1 0.405469 0.145313 0.030469 0.144531
1 0.212500 0.602344 0.078125 0.162500
0 0.546875 0.250000 0.079687 0.353125
0 0.476562 0.157031 0.066406 0.296094
0 0.603906 0.190625 0.064062 0.241406
1 0.332031 0.136719 0.027344 0.120313
0 0.538281 0.145313 0.056250 0.223438
1 0.340625 0.360938 0.135541 0.332690
1 0.091406 0.821094 0.188191 0.312560
