0 0.810937 0.482812 0.189062 0.422656
0 0.590625 0.627344 0.146875 0.571094
0 0.798438 0.336719 0.130469 0.429688
1 0.468750 0.140625 0.027344 0.093750
1 0.321875 0.177344 0.042969 0.197656
1 0.350781 0.235156 0.035156 0.188281
1 0.434375 0.158594 0.041406 0.122656
1 0.209375 0.219531 0.055469 0.198437
1 0.321875 0.262500 0.065625 0.208594
0 0.260937 0.146875 0.062500 0.293750
1 0.406250 0.255469 0.053906 0.175781
1 0.792969 0.740625 0.088281 0.211719
1 0.682813 0.435156 0.053125 0.269531
1 0.372656 0.232813 0.067944 0.179648
1 0.070312 0.241406 0.097780 0.217476
1 0.434375 0.791406 0.139463 0.234227
