0 0.625781 0.681250 0.206250 0.332813
1 0.396875 0.863281 0.151562 0.220312
1 0.269531 0.885938 0.115625 0.188281
1 0.319531 0.676562 0.112500 0.175781
0 0.650000 0.164844 0.103125 0.329688
1 0.557031 0.219531 0.077344 0.150781
1 0.537500 0.491406 0.102344 0.210938
1 0.216406 0.625000 0.110156 0.236719
1 0.360938 0.345313 0.078125 0.252344
0 0.095312 0.383594 0.144531 0.460938
1 0.571875 0.083594 0.099792 0.204412
1 0.267188 0.216406 0.136535 0.240359
1 0.224219 0.508594 0.145161 0.229685
