1 0.832812 0.219531 0.105469 0.212500
1 0.526563 0.345313 0.085156 0.276562
1 0.519531 0.209375 0.095312 0.125000
1 0.299219 0.346875 0.085156 0.146094
1 0.371094 0.269531 0.091406 0.176563
1 0.431250 0.219531 0.090625 0.128125
1 0.405469 0.496094 0.096094 0.219531
1 0.471094 0.394531 0.092188 0.176563
1 0.233594 0.499219 0.098437 0.221875
0 0.204687 0.403906 0.133594 0.285156
1 0.690625 0.443750 0.093390 0.411765
1 0.861719 0.160156 0.158815 0.270742
1 0.254688 0.800781 0.171515 0.293172
