1 0.438281 0.819531 0.100000 0.206250
1 0.503906 0.448437 0.067969 0.121094
1 0.900000 0.431250 0.071094 0.216406
1 0.814844 0.395313 0.060937 0.195312
1 0.485156 0.547656 0.079687 0.133594
1 0.426563 0.560156 0.085156 0.118750
0 0.720313 0.463281 0.114062 0.287500
1 0.725000 0.596875 0.082812 0.157812
1 0.700781 0.738281 0.096094 0.166406
1 0.669531 0.781250 0.072656 0.092188
1 0.854688 0.464844 0.055469 0.225781
1 0.723437 0.599219 0.039804 0.113079
1 0.221094 0.071094 0.182465 0.266680
1 0.483594 0.267969 0.139460 0.288473
