0 0.216406 0.248438 0.121094 0.215625
1 0.245312 0.254688 0.039844 0.119531
1 0.391406 0.382812 0.073438 0.160156
1 0.600000 0.654687 0.058594 0.249219
1 0.339844 0.364844 0.053125 0.240625
1 0.649219 0.660156 0.076563 0.213281
1 0.564063 0.850000 0.131250 0.242188
1 0.642969 0.563281 0.049219 0.155469
1 0.507812 0.625781 0.096875 0.172656
1 0.456250 0.677344 0.076563 0.134375
1 0.560156 0.640625 0.050000 0.183594
1 0.348438 0.269531 0.052344 0.229687
1 0.882031 0.716406 0.152419 0.395405
1 0.546094 0.653906 0.183454 0.291931
