1 0.653906 0.522656 0.100781 0.132031
1 0.440625 0.405469 0.087500 0.107813
1 0.300000 0.145313 0.025781 0.138281
0 0.310937 0.323437 0.092188 0.234375
1 0.633594 0.451562 0.048438 0.128125
1 0.582812 0.437500 0.056250 0.134375
1 0.546094 0.394531 0.062500 0.130469
0 0.538281 0.085156 0.040625 0.100781
0 0.542969 0.238281 0.078906 0.305469
1 0.567969 0.121094 0.035156 0.077344
1 0.754687 0.677344 0.086719 0.099219
1 0.764062 0.770312 0.083594 0.099219
1 0.321875 0.545312 0.089235 0.121105
1 0.839844 0.246094 0.029709 0.104532
1 0.559375 0.976562 0.054288 0.082518
