1 0.442188 0.121094 0.054688 0.199219
1 0.367188 0.379688 0.057031 0.272656
0 0.221875 0.254688 0.110156 0.208594
1 0.250000 0.261719 0.049219 0.131250
1 0.655469 0.667188 0.095312 0.184375
1 0.498437 0.651563 0.057031 0.181250
1 0.432812 0.682813 0.080469 0.139844
0 0.413281 0.123438 0.051562 0.246875
1 0.549219 0.425000 0.042969 0.280469
1 0.598437 0.578125 0.053906 0.148438
1 0.607031 0.501563 0.076563 0.115625
1 0.160156 0.491406 0.084852 0.120469
1 0.946875 0.842187 0.117094 0.234188
