1 0.356250 0.821094 0.100000 0.247656
1 0.307031 0.754687 0.081250 0.210156
1 0.712500 0.701562 0.077344 0.249219
1 0.728125 0.557813 0.077344 0.188281
1 0.347656 0.514062 0.092969 0.185938
1 0.398438 0.146875 0.064844 0.182031
1 0.370312 0.341406 0.088281 0.260937
1 0.432812 0.185938 0.042969 0.200781
0 0.239063 0.349219 0.085156 0.422656
1 0.259375 0.172656 0.043750 0.182031
0 0.517188 0.371094 0.116406 0.492969
0 0.792188 0.517969 0.099219 0.371875
1 0.392969 0.278125 0.188824 0.418597
1 0.326562 0.298438 0.219113 0.386944
