1 0.444531 0.418750 0.057813 0.122656
1 0.627344 0.467187 0.083594 0.173437
1 0.456250 0.277344 0.071094 0.117188
1 0.303125 0.159375 0.024219 0.168750
1 0.314844 0.172656 0.021094 0.144531
1 0.550781 0.352344 0.068750 0.205469
1 0.385937 0.144531 0.030469 0.144531
0 0.603906 0.104688 0.071875 0.179688
1 0.212500 0.602344 0.078125 0.162500
1 0.399219 0.132812 0.021094 0.139844
0 0.509375 0.166406 0.069531 0.289062
1 0.568750 0.117969 0.030469 0.080469
1 0.260156 0.958594 0.057940 0.135194
1 0.425781 0.258594 0.038884 0.114295
1 0.599219 0.589063 0.027495 0.087986
