0 0.754687 0.479687 0.189062 0.422656
0 0.650000 0.638281 0.146875 0.571094
0 0.798438 0.336719 0.130469 0.429688
1 0.468750 0.140625 0.027344 0.093750
1 0.317188 0.217188 0.042969 0.220312
1 0.378906 0.174219 0.035156 0.188281
1 0.430469 0.189844 0.049219 0.183594
1 0.209375 0.219531 0.055469 0.198437
1 0.353906 0.203906 0.046094 0.193750
0 0.260937 0.146875 0.062500 0.293750
1 0.543750 0.276562 0.036719 0.208594
1 0.777344 0.707812 0.088281 0.211719
1 0.875781 0.141406 0.032019 0.094414
1 0.875000 0.805469 0.212961 0.298563
1 0.165625 0.482812 0.220546 0.321997
