1 0.696094 0.595313 0.082031 0.128906
1 0.671094 0.522656 0.069531 0.121875
1 0.635156 0.467187 0.062500 0.133594
1 0.561719 0.550781 0.073438 0.254688
1 0.440625 0.405469 0.087500 0.107813
1 0.301563 0.152344 0.032031 0.123438
1 0.283594 0.156250 0.034375 0.133594
0 0.496094 0.362500 0.105469 0.214062
0 0.561719 0.149219 0.045312 0.204687
0 0.499219 0.153125 0.070312 0.230469
1 0.591406 0.439063 0.048438 0.128125
1 0.092188 0.282813 0.093664 0.295978
1 0.071875 0.711719 0.158928 0.217106
