0 0.216406 0.248438 0.121094 0.215625
1 0.245312 0.254688 0.039844 0.119531
1 0.374219 0.440625 0.053125 0.282031
1 0.592187 0.592969 0.058594 0.249219
1 0.425781 0.463281 0.129688 0.200781
1 0.649219 0.660156 0.076563 0.213281
1 0.564063 0.850000 0.131250 0.242188
1 0.642969 0.563281 0.049219 0.155469
1 0.507812 0.625781 0.096875 0.172656
1 0.456250 0.677344 0.076563 0.134375
1 0.560156 0.640625 0.050000 0.183594
1 0.521875 0.380469 0.056250 0.282031
0 0.285938 0.157812 0.075000 0.315625
1 0.864062 0.512500 0.226892 0.308231
1 0.488281 0.482812 0.207399 0.458717
