0 0.539844 0.220312 0.093750 0.275781
0 0.299219 0.366406 0.137500 0.407813
1 0.298438 0.153125 0.036719 0.142969
1 0.459375 0.409375 0.097656 0.109375
1 0.675000 0.527344 0.070312 0.138281
1 0.759375 0.775000 0.060937 0.135937
1 0.760938 0.664844 0.081250 0.135156
1 0.585938 0.447656 0.051562 0.125000
1 0.563281 0.402344 0.044531 0.161719
1 0.623437 0.457813 0.073438 0.129688
1 0.207813 0.579688 0.104688 0.381250
1 0.404687 0.153906 0.130067 0.522678
1 0.548438 0.097656 0.217333 0.357047
1 0.897656 0.207031 0.166973 0.325841
