0 0.539844 0.220312 0.093750 0.275781
0 0.351562 0.571094 0.139844 0.395313
1 0.294531 0.130469 0.038281 0.109375
1 0.459375 0.409375 0.097656 0.109375
1 0.675000 0.527344 0.070312 0.138281
1 0.759375 0.775000 0.060937 0.135937
1 0.760938 0.664844 0.081250 0.135156
1 0.585938 0.447656 0.051562 0.125000
1 0.543750 0.394531 0.044531 0.161719
1 0.623437 0.457813 0.073438 0.129688
1 0.228906 0.610938 0.114844 0.272656
1 0.660937 0.162500 0.363970 0.618171
1 0.706250 0.102344 0.133373 0.198725
