1 0.462500 0.421094 0.092969 0.128125
1 0.623437 0.468750 0.083594 0.173437
1 0.456250 0.277344 0.071094 0.117188
1 0.710938 0.570312 0.075000 0.192969
1 0.353125 0.207031 0.034375 0.139063
1 0.405469 0.145313 0.030469 0.144531
1 0.246094 0.609375 0.078125 0.162500
0 0.696875 0.524219 0.164844 0.440625
0 0.436719 0.116406 0.042188 0.222656
1 0.332031 0.136719 0.027344 0.120313
0 0.495312 0.498437 0.105469 0.400781
1 0.409375 0.624219 0.103906 0.271094
0 0.500000 0.125781 0.051562 0.232813
1 0.087500 0.058594 0.071450 0.213118
1 0.096094 0.703125 0.117230 0.263316
