1 0.467969 0.673438 0.076563 0.156250
1 0.570312 0.353906 0.050781 0.231250
1 0.250000 0.274219 0.047656 0.233594
1 0.659375 0.604688 0.077344 0.310937
1 0.435937 0.353125 0.092969 0.197656
1 0.568750 0.641406 0.057813 0.200781
1 0.553125 0.803125 0.084375 0.200000
0 0.235156 0.250000 0.118750 0.223438
1 0.535937 0.697656 0.106250 0.121875
1 0.430469 0.209375 0.050000 0.200781
1 0.457031 0.500000 0.056250 0.328125
1 0.607031 0.551562 0.075000 0.285938
1 0.689844 0.882812 0.124448 0.199117
1 0.588281 0.801562 0.085680 0.203646
1 0.069531 0.290625 0.139372 0.407054
